[VERSION]
major =3.3 
minor =0 

[GENERALENGINEDATA]
engine_type =1
fuel_flow_scalar =1
min_throttle_limit =-0.6
engine.0 = 4,-47,0.5 
engine.1 = 14,-25,2.7 
engine.2 = 14,25,2.7 
engine.3 = 4,47,0.5 
master_ignition_switch =1 
starter_type =2
max_contrail_temperature =-39.707329 
thrustanglespitchheading.0 = 0,0 
ThrustAnglesPitchHeading.1= 0,0
ThrustAnglesPitchHeading.2= 0,0
ThrustAnglesPitchHeading.3= 0,0
accumulated_time_hobbs_min_pct_rpm=0
accumulated_time_hobbs_min_knots=0

[DISABLED_CONTROLS]
DisableFuelValveControls=0
DisableMixtureControls=1
DisableParkingBrakeControls=0
DisablePropellerControls=1
DisableAutopilotControls=0

[TURBINEENGINEDATA]
fuel_flow_gain=0.015
low_idle_n1=22.200001
low_idle_n2=61.5
inlet_area=60
rated_N2_rpm=12250
static_thrust=40400
reverser_available=1
reverser_mach_controlled=0
afterburner_available=0
afterburner_throttle_threshold=0
ThrustSpecificFuelConsumption=0.8
AfterBurnThrustSpecificFuelConsumption=0
use_commanded_Ne_Table=0
use_corrected_N2_from_FF_table=0
use_n2_to_n1_table=1
use_old_fuelflow_simvar=1
mach_0_corrected_commanded_ne_table=0:1:22.57,0:55:82.5,0.42:78.800003:95.400002,0.51:82.5:98.5,0.61:87.400002:101.099998,0.7:92:103.099998,0.79:96.199997:105.699997,0.93:103.099998:108.059998,1:107:108.059998
mach_hi_corrected_commanded_ne_table=0.9:1:22.57,0:62:82.5,0.42:77:95.400002,0.51:80.199997:98.5,0.61:84.800003:101.099998,0.7:89.099998:103.099998,0.79:92.199997:105.699997,0.93:96:108.059998,1:98.199997:108.059998
corrected_n2_from_ff_table=0:0,0.00294:10,0.0118:30,0.02066:40,0.03397:50,0.05317:60,0.13391:80,0.25771:90,0.54:100,0.68686:108
n2_to_n1_table=0:0:0.9,0:0:0,10:1.1:1,20:2.7:2.4,30:5.7:4.7,40:10.1:8.4,50:17.5:12.8,60:29.9:21.200001,70:49.400002:41.599998,80:67.5:60.400002,90:90.599998:85.900002,100:105.5:102.400002,110:118:114.099998
n1_and_mach_on_thrust_table=0:0:0.9,0:0:0,20:0.0254:0.114,25:0.0508:0.222,30:0.0798:0.35,35:0.1125:0.451,40:0.1524:0.545,45:0.1995:0.64,50:0.254:0.754,55:0.36:0.869,60:0.48:0.953,65:0.572:1.04,70:0.653:1.126,75:0.727:1.21,80:0.788:1.295,85:0.875:1.378,90:0.985:1.478,95:1.061:1.578,100:1.153:1.668,105:1.237:1.778,110:1.338:1.845
corrected_airflow_table=0:0:0.9,0:0:0,20:4.29:14.081,85:22:24,90:25:25,95:27:27,100:28:28,105:29:29,110:30:30
n2_and_mach_to_epr_table=0:0:0.45:0.9,0:0:0:0,56:0.751:0.751:1.86,90:0.957:0.957:3.28,110:1:1:4.23
epr_max=1.7
epr_tc=17
epr_tuning_constant=1
oil_temp_cooling_constant=0
oil_temp_heating_constant=700
oil_temp_tc=0.07
oil_temp_tuning_constant=1
oil_temp_factor_from_rpm=0.000000:0.800000, 250.000000:0.800000, 500.000000:0.800000, 2500.000000:1.000000, 4000.000000:1.000000
oil_press_max=12384
oil_press_tc=0.8
oil_press_tuning_constant=1
itt_peak_temperature=2141
itt_tc=2
itt_tuning_constant=1
egt_peak_temperature=1100
egt_tc=2
egt_tuning_constant=2
fuel_press_max=21000
fuel_press_tc=2
fuel_press_tuning_constant=1
variable_inlet=0
primary_nozzle_available=0
density_on_FF_table=1:1
starter_N1_max_pct=12
starter_N1_rate=12
ignition_auto_type="Starter,Flaps,AntiIce"
min_condition_lever_for_combustion=0.01
min_n1_for_combustion=10
min_n2_for_combustion=19.4
min_n1_for_starter_cutoff=200
min_n2_for_starter_cutoff=50
min_n2_for_apu_bleed_air_cutoff=200
n1_normal_tc=0.5
n1_start_max_rate=1
n1_start_combustion_max_rate=2
idle_fuel_flow=900
idle_high_fuel_flow=900
min_n2_for_fuel_flow=22
high_n1=100
high_n2=100
high_fuel_flow=21000
mach_influence_on_n1=10
fuel_flow_max=21000
fuel_flow_controller_p=2
fuel_flow_controller_i=0.1
fuel_flow_controller_d=0.7
fuel_flow_controller_iboundary=50
fuel_flow_controller_dboundary=50
max_torque_protection=0
max_n1_protection=0
max_n2_protection=0
max_egt_protection=0
fuel_flow_max_itt_factor=3
fuel_flow_min_itt_factor=0.72
n1_cooling_factor=0.01
n2_from_bleed_air_psi_table=0:0,4:8,10:18,18:25
bleed_air_on_n2_tc=1
N1_to_oil_pressure_table=0:0,0.21:0.88,0.9:0.954,1:1

[JET_ENGINE]
thrust_scalar=1
thrust_limit=1
